0.013207252252996966	0.002601595677208285	0.13412365116702915	0.0264199929253532	0.061683961936963856	0.012150652206394441	0.6264193365093248	0.12339355732472929
0.03632001873053943	0.011333285224773977	0.19003998190037596	0.059300005734216676	0.08597236887224455	0.02682678621691768	0.44983973013967504	0.14036782318125676
0.07349909756738703	0.041866370537843436	0.20321536426329642	0.11575502313385017	0.09572270771593194	0.05452532728645537	0.2646607313637759	0.15075537813145973
0.08264981713306065	0.06347034491172657	0.10824316295713718	0.08312457456699647	0.16224731025619	0.12459667909949974	0.21248881912399237	0.163179291951397
0.07489328463419744	0.08522414736703612	0.10936611240178538	0.12445219522437197	0.11522220147284175	0.13111607971580344	0.16825813287545377	0.19146784630851013
0.11563957953228375	0.11291251695032234	0.14803150479449179	0.14454056182056124	0.10626450345036004	0.1037585279675515	0.13603036620869666	0.1328224392757326
0.1445826228276222	0.14421367064999285	0.14721008152029927	0.14683442448016754	0.10348275447110504	0.10321868271156366	0.10536331699971153	0.10509444633953792
0.12026425794445307	0.10978524171727326	0.12276653672936422	0.11206948880731359	0.13843224135637291	0.12637018960190807	0.14131253236397837	0.12899951147933655
0.13827455712092937	0.09671854589344266	0.14643925272224906	0.1024294843528702	0.1474982516944035	0.10317021961770896	0.15620757864425175	0.1092621099541445
0.15386205501828848	0.1435416240043383	0.12120237613705323	0.11307262145841834	0.13552712266507141	0.12643652316789336	0.10675932604742651	0.09959835150151053
0.1408353059943957	0.1528254935438976	0.11411485074639914	0.12383015936856517	0.12408901092805513	0.13465348198418917	0.10054580320851358	0.10910589422598446
0.1154982413980504	0.1285993590285696	0.10249588209426519	0.11412212498512413	0.13519489666010387	0.1505302318370757	0.1199751617002047	0.13358410229660647
0.11285853151292004	0.11812918003534043	0.11560180169261458	0.12100056470248559	0.12850358636886836	0.13450488045396158	0.13162714337199283	0.13777431186181666
0.10997644308895214	0.14432134265392932	0.10651439935966811	0.13977812607678686	0.10971706801768434	0.1439809665016832	0.10626318938097638	0.13944846492031973
0.16240928562797585	0.11892714360494314	0.15412831919153921	0.11286325581203871	0.1337807400011508	0.09796337208290638	0.12695949321401293	0.09296839046543315
0.13112044671208478	0.1402329918226853	0.13576144347516048	0.14519652632432237	0.10628266452825391	0.11366904551820879	0.11004453015955229	0.11769235145973199
0.13743554020515492	0.1280047258016211	0.13732268632174754	0.1278996159415394	0.1215530307302115	0.11321207269786789	0.12145321861802158	0.1131191096838361
0.13901563069246886	0.11381887054607404	0.14832566287065402	0.12144144753249095	0.1269912617389735	0.10397393378249709	0.13549600848758658	0.11093718434925504
0.14979933860360994	0.13080782094721882	0.12871999481961519	0.11240091038883525	0.1373221500069866	0.11991248678162154	0.11799856129065558	0.1030387371614572
0.12633003529366987	0.16800718134280085	0.10407004407442894	0.1384034661790518	0.10900437395998147	0.1449656653738839	0.0897972519041102	0.11942198187207322
0.1325603562359739	0.14918193095428922	0.1350071965555456	0.1519355774740732	0.10053941246837662	0.11314592171389976	0.10239520024021813	0.11523440435762354
0.12330929180717237	0.15913338039549318	0.10674397622271316	0.13775547263493787	0.11069988468273988	0.14286066038318643	0.0958285112602047	0.12366882261355226
0.1248017527498244	0.12372251176216888	0.12562029275988018	0.1245339733305408	0.1254631876699311	0.12437822682930301	0.12628606584779475	0.12519398905055684
0.13019605557532613	0.14615809276561517	0.1402932068048124	0.1574931547960764	0.09657083044098567	0.1084104148291954	0.10406022998547163	0.11681801480251729
0.1272738519398467	0.1331773021986522	0.10822096343189178	0.1132406675175522	0.1368275703053026	0.14317415872876244	0.11634449069305505	0.12174099518493708
0.13983606614964933	0.13506738397828666	0.1561128185936238	0.1507890674667014	0.10051247906273257	0.09708480778947914	0.11221201255420991	0.10838536440531725
0.09639143807667772	0.13076116665466195	0.10674255015689148	0.14480311393534487	0.10497013842027576	0.14239872376235121	0.11624248469442819	0.15769038429936877
0.1307529717283388	0.11549272179070189	0.10485892992864786	0.0926207875923578	0.16391794067640125	0.1447869893035961	0.13145597861551103	0.1161136803644452
0.13296307829706627	0.10690694882816497	0.1404601583840121	0.11293486249774089	0.13659398607288603	0.10982632522017435	0.144295793718281	0.11601884698167436
0.10973908893566835	0.09755348292250261	0.16772249486876328	0.14909831763311954	0.0996413470737279	0.08857701065688982	0.15228935728714696	0.13537890062218158
0.11012578517755026	0.12568207192056707	0.1274441360922789	0.1454468002419253	0.10635946424579373	0.12138372328715859	0.12308552455892996	0.14047249447579632
0.10225442238414524	0.1414177556616006	0.11253485873608952	0.15563558802734598	0.09752265249754606	0.1348737230215634	0.10732736703700499	0.14843363263470433
0.10444759040951693	0.12634281956553414	0.12679048103657667	0.1533694248514887	0.09997070069786822	0.1209274445737709	0.12135591813414785	0.1467956207310966
0.12587116515861405	0.13762119394392133	0.15243973851020293	0.16666993422867812	0.0901788282833519	0.09859699003484935	0.10921355169269982	0.11940859814768248
0.1528565263397325	0.1352176165077618	0.14116390436180956	0.12487426701238576	0.12300185546583328	0.10880803142913612	0.11359293958252586	0.10048485930081501
0.12677264138558705	0.12332138197549314	0.12247787301999294	0.11914353441847361	0.13104444842884122	0.1274768933093972	0.1266049609696575	0.12315826649255739
0.09814722738287149	0.1333856214774039	0.10278502093917442	0.13968855017225285	0.10891162930672926	0.14801483188642772	0.11405807782161974	0.1550090410135205
0.1097589174918598	0.12715053914414642	0.1030746593034026	0.11940714068630322	0.12916360423407203	0.14962995528250747	0.1212976112106234	0.14051757264708506
0.12764521737133253	0.14909870977237025	0.12093852592559964	0.14126481625099227	0.10919653809820556	0.1275493377451714	0.10345917086229565	0.12084768397403257
0.10302539218923472	0.12357360134002257	0.1160472049902074	0.13919258875271928	0.11079174937483185	0.13288894298855922	0.12479518473765393	0.14968533562677105
0.10445752841517048	0.11745397156302488	0.12228324156214467	0.1374975322026549	0.11239778380207177	0.12638214117000188	0.13157850426147308	0.14794929702345846
0.12368473634880148	0.10637897041437502	0.1465026690819365	0.12600425533465853	0.12241945015818714	0.10529072099726429	0.1450039570375112	0.12471524062726586
0.14912561003708155	0.13753738043603284	0.11796760116918713	0.10880059325221329	0.14132345972037705	0.1303415183969044	0.11179561664825757	0.10310822033994613
0.12364533429941402	0.09297619819868043	0.12795151029058088	0.09621426516418043	0.15686486204371314	0.11795591468471658	0.16232796913641273	0.12206394618230187
0.1047320651385834	0.113123254791869	0.10968314632873405	0.11847101928240521	0.1300881988551447	0.1405109356435717	0.13623796047361394	0.147153419486078
0.12650181726701767	0.1380468617408673	0.12334396036604776	0.13460080662147347	0.11560996085494156	0.1261609724413839	0.11272399667992869	0.12301162402833969
0.08804157397716728	0.10317402054349742	0.11732859872585154	0.13749485281147017	0.10934377772076817	0.1281376133937801	0.1457169793749466	0.17076258345251877
0.12646490621913603	0.1689470391091344	0.10352944853420284	0.13830709493546778	0.10892878749248917	0.14552018161240268	0.08917365011172045	0.11912889198544663
0.11104157362709025	0.15738617879968905	0.09453413346453164	0.13398914970431086	0.11240412961810191	0.1593174147667344	0.09569413188404048	0.13563328813550135
0.14418075653769435	0.11481701106057565	0.12419075360546811	0.09889815723509787	0.1548956606008204	0.12334972574367077	0.1334200851914903	0.10624785002518242
0.13182760552802694	0.10970053721537258	0.09470799168349654	0.07881139556964623	0.18579289815049194	0.15460783540953255	0.13347790231347662	0.11107383412995663
0.11986838678011334	0.13717948975814245	0.12022667357882201	0.13758951947118167	0.11294721224969068	0.12925877591428228	0.11328481164672138	0.12964513060104615
0.14100805209869577	0.1254070251795277	0.1508275541362498	0.1341401047515513	0.11472728898067641	0.1020339463161176	0.12271665434770009	0.10913937418948129
0.11768960301152882	0.09130957594256515	0.14511025492479954	0.11258391143356145	0.13448798682047253	0.10434261592966444	0.16582251577422777	0.12865353616318026
0.10950747128143595	0.10792120978559626	0.11301227129196745	0.11137524130296224	0.13835006054371315	0.13634600208615302	0.14277797115087584	0.14070977255729605
0.13595946970778902	0.10381627761547672	0.1610485461588273	0.12297385841183438	0.12360515306950126	0.09438273710059697	0.14641444426317923	0.11179951367279527
0.13544379477138688	0.12188916619017959	0.14731365904428462	0.13257114583683777	0.11667704594378836	0.1050005123352172	0.12690225191540958	0.11420242396289593
0.17987181910280922	0.14881443759757912	0.09512245881826142	0.07869823790377938	0.17807709658433588	0.14732959898549133	0.09417334728036054	0.07791300372738315
0.13240187172525486	0.14112495344939108	0.11292841882793685	0.12036852381722059	0.12883661023230233	0.1373248005084122	0.10988753022220221	0.11712729121727979
0.13954962971908855	0.13109447303989086	0.13361089866545892	0.1255155630881526	0.12386559012703396	0.1163607119428814	0.11859431546980743	0.11140881794768635
0.0987975908390689	0.12087424289502839	0.10650786610977804	0.13030740495843648	0.11763259919193884	0.14391799684934442	0.12681277972950095	0.15514951942690394
0.11120198606816778	0.102449396947633	0.12757004324986856	0.1175291418942895	0.1311998631855502	0.12087326259381652	0.15051145049421547	0.13866485556645922
0.1327229954802495	0.12469838407540351	0.1256623646206717	0.11806464848530158	0.1321147201020563	0.12412688584739048	0.12508644842704073	0.11752355296188617
0.13983590941883184	0.11332868011943856	0.15007271534458902	0.12162500192280407	0.12658807951243609	0.10259210262672999	0.13585506685401955	0.11010244420115081
0.1112216813279457	0.12606112439864636	0.14464224084932814	0.16394072899547774	0.09253112074417866	0.10487682782356232	0.12033542824509427	0.1363908476157668
0.09552601741486502	0.14336860482341715	0.10997614245998864	0.16505583018157285	0.09034881055973915	0.1355984816277847	0.10401578470560416	0.15611032822702828
0.11271667331144879	0.1249875629571191	0.13770303248619817	0.15269405968625893	0.10072091383530705	0.11168588629567318	0.12304812466900669	0.13644374675898815
0.11240606494694615	0.13299544035810162	0.11853595890124535	0.14024814461552124	0.11053973711515093	0.13078725797969232	0.11656785371697137	0.13791954236637102
0.12926143965347112	0.11786466589408007	0.11392786267781015	0.10388302580061924	0.14875782169669804	0.1356420832107111	0.13111149564746843	0.11955160541914185
0.13817604521344057	0.12606536028362236	0.11189232307869079	0.10208532166409512	0.15076276879687311	0.13754889812033452	0.12208481150549536	0.11138447133744805
0.12489975645623665	0.10909107423642234	0.12355499768684147	0.10791652287696016	0.14343506400579323	0.12528035009455496	0.14189074105726826	0.12393149358592294
0.17024033029757077	0.1173448706607777	0.13923494866920275	0.0959731869321964	0.15539566846599567	0.10711260125913627	0.12709390239351587	0.08760449132160449
0.11863303421154282	0.10891055526340393	0.12522704702611379	0.11496416083643797	0.13500008200482888	0.12393625426062317	0.1425038289723102	0.1308250374247392
0.1271974911483232	0.125211819844334	0.1196884407953572	0.11781999276103701	0.13243280916954572	0.1303654096752585	0.12461469402072374	0.12266934258542067
0.14759537854624113	0.1410258527824362	0.1406874257307817	0.13442537554272518	0.1142220211678475	0.10913795608229368	0.10887605206986051	0.10402993807781416
0.11543609201944657	0.15260384813892064	0.08903056052659912	0.11769634523001109	0.12770660636543432	0.1688251847684222	0.09849424515990192	0.13020711779126415
0.11731574049077606	0.11118047776470837	0.14223087127287998	0.1347926216452843	0.11475382652651771	0.10875254424660802	0.13912486645427455	0.1318490515989511
0.1273420225748123	0.10704073421047725	0.12450190960157426	0.10465340148441268	0.1473754847911089	0.12388039531410414	0.14408856490536132	0.12111748711814907
0.11674891053207484	0.132253284464446	0.11548677826254497	0.13082353974723057	0.11895866290165094	0.13475649419375	0.11767264176017699	0.13329968813812587
0.10882280374333418	0.12136941985437673	0.1323435053196944	0.14760191714992288	0.10449766884333647	0.11654562286011122	0.12708354606523248	0.1417355161639916
0.1109545449778747	0.10118796933471307	0.13946832614727395	0.12719187584580946	0.12077877899733952	0.11014744270190939	0.15181725222909506	0.1384538097659848
0.1125911261775155	0.11634342760052069	0.09545444924234636	0.09863564013974907	0.15356624313417092	0.15868411389540127	0.13019304147892838	0.13453195833136777
0.14545835988364808	0.11296081063774976	0.16596892463508506	0.12888901182751744	0.11744490874527502	0.09120597886401856	0.13400539662286015	0.10406660878384581
0.12687216951789193	0.12948195739931526	0.1210871657856674	0.12357795489303558	0.1263559651828708	0.1289551346298258	0.12059449887430691	0.12307515371708626
0.12696909943261647	0.12328972493172544	0.14995771244386766	0.1456121623388144	0.10564801951153813	0.1025864980012065	0.12477630699887908	0.12116047634135221
0.13371524450711547	0.14253590691544246	0.1269472118518476	0.13532141408698567	0.11458621094227556	0.12214500715206282	0.10878639940725303	0.11596260513701735
0.10277093610709265	0.12829537811137287	0.11754962569450934	0.14674453932785203	0.10469603070583516	0.13069859393095504	0.1197515531856912	0.14949334293669167
0.12523740075918735	0.16129275243184116	0.11873432039489609	0.15291746098628592	0.09912923134109554	0.1276681444403508	0.09398184442669352	0.1210388452196495
0.15622266807556795	0.1331642591995827	0.14031493544539492	0.1196045021083945	0.1281772189059299	0.10925830810682653	0.11512527866734437	0.09813282949095925
0.10530209565001909	0.11441942426095746	0.1487238615845493	0.1616007593327263	0.0933638082003016	0.10144748891412049	0.13186277065118931	0.1432797914061364
0.1494339818146002	0.1263482017694263	0.12821000269523214	0.10840307601181233	0.14220412027564278	0.1202352681957058	0.12200699213404718	0.10315835710353316
0.11778589188892041	0.10936358784387246	0.14090172050927166	0.13082651445896976	0.1183158388919519	0.1098556408791654	0.14153567117440127	0.13141513435344718
0.12815430211622375	0.1416673836216611	0.10870189485066907	0.12016383987051263	0.12882892396606108	0.14241314018872347	0.10927411655664412	0.12079639882950481
0.13661255739537284	0.14690871892109492	0.14381679013778953	0.15465591744498183	0.09811934907571639	0.10551436960782237	0.1032936510634181	0.11107864635380386
0.1257570290957266	0.12146060080569449	0.10921715454818177	0.10548580310061832	0.14649112888890534	0.14148633007230843	0.12722425441220023	0.12287769907636496
0.09692509050986808	0.10242591970465606	0.1344780315177652	0.14211011809038715	0.10672507886467983	0.11278209079571444	0.14807495606969973	0.1564787144472296
0.11565226904356156	0.12118948759008241	0.13808831486797415	0.14469973014298926	0.10691439029261729	0.1120332552289833	0.12765532499049853	0.1337672278432933
0.12977136755871976	0.11255156088371937	0.1320573809144748	0.11453423530745027	0.13565613705316848	0.11765546018370472	0.13804581473729519	0.11972804336146733
0.11972953706073404	0.1273961018395368	0.12985756187049644	0.13817264797654677	0.11268466798396468	0.11990013317229763	0.12221676124214298	0.13004258885428072
0.13052291333274194	0.15749532069904357	0.10580437200582662	0.1276687217204372	0.11976487935956383	0.14451415158908426	0.0970837037378136	0.117145937555489
