0.013207252252996966	0.002601595677208285	0.13412365116702915	0.0264199929253532	0.061683961936963856	0.012150652206394441	0.6264193365093248	0.12339355732472929
0.014756873421612563	0.002911304442193236	0.1328118607945129	0.026201739979739104	0.06876545432132246	0.013566367814871836	0.6188890888919016	0.1220973103338464
0.01480147830222375	0.002926716579132998	0.13296351959800898	0.02629105885787797	0.06883083247651677	0.013610014787123152	0.6183159246710935	0.12226045472802291
0.014849428487199424	0.0029438713172277044	0.13308591976997028	0.026384033720584857	0.06892105530556174	0.013663469812458284	0.6176952900756096	0.122456931511388
0.014887462479341529	0.0029583029672468355	0.13323682136633397	0.02647562568446491	0.06895806778336372	0.01370272850878454	0.6171470639653261	0.12263392724513836
0.014930544264437153	0.00297225485770679	0.13345394474084	0.026566957540917764	0.06898488772482643	0.013732966730278963	0.6166088276038537	0.12274961653713914
0.014988617039115887	0.0029889893426411985	0.13368163110846773	0.026658428169012132	0.06906708761416826	0.013773171218349568	0.6160008561215515	0.12284121938669383
0.015034884780627242	0.0030031798366914448	0.1338323190533138	0.02673266393078407	0.06914556444765341	0.013811649904587987	0.615495986653897	0.12294375139244498
0.015085844555354428	0.0030192123971778573	0.1340042085380777	0.026818993541105424	0.06922640794736754	0.013854658804143652	0.6149228154169544	0.12306785879981914
0.015132710175855331	0.0030333699834829823	0.13418040665228115	0.026896624146015846	0.0692929064908404	0.013889846575729321	0.614414091263988	0.12316004471180682
0.015179198654811576	0.0030505603277162807	0.13425918207842158	0.026982039289026857	0.06939825573481438	0.013946952706243607	0.6138237771644057	0.12336003404455999
0.01522132992491861	0.003065766825892892	0.1344067461083791	0.027071205041072004	0.06945213748551884	0.01398853189180802	0.6132733378585039	0.12352094486390658
0.015277620541100679	0.0030833455605072816	0.13459117686883823	0.02716333388210236	0.06954363306836951	0.014035369690328503	0.6126581945942329	0.12364732579452055
0.015323616749729187	0.0031041383008363955	0.1346705933164066	0.027280514354889984	0.06962878021353175	0.014104853118645313	0.6119279342730698	0.12395956967289086
0.015387679235372206	0.003122528862802653	0.13491040969055124	0.027376555080697786	0.06972249694246858	0.014148365439608911	0.6112871527458196	0.12404481200267911
0.015434977376368831	0.003139605300050888	0.13508210529117334	0.02747684582703112	0.06977827415699757	0.014193492742472185	0.6106776801074506	0.12421701919845542
0.015478467392826227	0.003154349885914911	0.13523172405698208	0.02755881202740515	0.06983837360859248	0.014232330645787718	0.6101614215889849	0.12434452079350648
0.015519084538748477	0.003169092047425658	0.13531850113823934	0.02763286614980562	0.06991982489550476	0.014278056188204002	0.6096652080916412	0.12449736695043107
0.015589566124802336	0.0031915652643889694	0.13553837257237814	0.0277480180289044	0.07003562366395098	0.014338004147534805	0.6089017729878486	0.12465707721019174
0.015642840361334908	0.003210830399348896	0.1356739094357311	0.027848261744811354	0.07012970601778523	0.014394738217483813	0.6082508779242874	0.12484883589921729
0.015683781931443135	0.0032274805972709575	0.13582606775807005	0.027950911343259457	0.07016619829445382	0.01443912218172361	0.6076594819749406	0.12504695591883835
0.01574634484577385	0.003249085623833311	0.13602323954704557	0.02806690418939702	0.0702590376867268	0.014497182141516109	0.6069257346520965	0.1252324713136108
0.01578856909723774	0.0032669684556688155	0.1361656515403537	0.02817537710911087	0.07030120577791267	0.0145467154279424	0.6063000028607222	0.12545550973105177
0.015832309057248348	0.0032818824381499025	0.13630509142779385	0.028254709036424085	0.07036557278946048	0.014586093333136643	0.6057982949774128	0.125576046940374
0.015886539832028895	0.0033038558930845413	0.13648116046860784	0.028383404509529392	0.07042756858063456	0.014646520888181918	0.6050427840484571	0.12582816577947561
0.015932724480443188	0.0033222444559889825	0.13670883967171485	0.0285061218024281	0.07043758229520146	0.01468743575907185	0.6043812630211288	0.1260237885140227
0.015974875821868278	0.003338257725660355	0.13688234341447228	0.028604199838870165	0.07046940859688552	0.014725939049193634	0.60382427352387	0.12618070202917978
0.016019319182851606	0.003354545137432562	0.1369491952339418	0.028678013822154423	0.07057109291849158	0.014778026075318272	0.6033124299260476	0.12633737770376216
0.016077628341325687	0.003374064028915935	0.13712529050215055	0.028777223873792116	0.07066239565684376	0.014829267247704227	0.6026760493720706	0.12647808097719707
0.016111457061774137	0.0033902512782714063	0.1372780997203648	0.02888672646249088	0.07066485458305194	0.014869642929282903	0.6021017786897215	0.12669718927504234
0.01616296718031626	0.0034127358744853236	0.13751018583027458	0.02903464067300907	0.07067843187809371	0.014923424475951798	0.6013131248317546	0.12696448925611473
0.016217176298109415	0.00343495079302277	0.13768562874606405	0.029163113908077	0.07073778707690954	0.014982930033561563	0.6005716723277483	0.12720674081650732
0.016265379882811393	0.0034553884699791964	0.13785232794742155	0.029285104189462022	0.07078126746896071	0.01503664699286977	0.5998853126065947	0.12743857244190057
0.016304800338920008	0.003475790319856664	0.13799881855133897	0.029418020932611512	0.07079468776029453	0.01509172055466001	0.5991844774272591	0.1277316841150592
0.016351498006701163	0.003493102759434307	0.13809297451809832	0.02950022989636638	0.07088542834839653	0.015142960312626486	0.5986472705196778	0.12788653563869898
0.016412263229510806	0.0035135178828662557	0.13828330566292682	0.029603526372580374	0.07097411063765718	0.015194053584124095	0.5980000745914233	0.1280191480389112
0.016462014713006682	0.003531639112418043	0.13844519689111096	0.02970101052581084	0.0710367992241507	0.01523971050534781	0.5974179847702016	0.12816564425795346
0.01652937115430142	0.003553475910487603	0.1386164278597693	0.02979969005471524	0.0711600819740959	0.015297958689582098	0.5967532749659777	0.1282897193910707
0.016584669093853612	0.00357327713553836	0.1388046195541943	0.02990637742322632	0.07122579255358255	0.015346070190006847	0.5961209706324486	0.1284382234171494
0.016637539908422476	0.003594341094114708	0.13898750933040868	0.03002658560728926	0.07127735405834122	0.01539861807585897	0.5954403094904348	0.12863774243513007
0.01669906340827895	0.0036139163894433335	0.13913183589884934	0.03011012113403392	0.07139710378995104	0.01545135539861295	0.5948603155331312	0.12873628844769922
0.01675926107725526	0.0036368042336349044	0.13936609211819245	0.030242812705415702	0.07144506886943998	0.015503769989557931	0.5941204688888155	0.12892572211768816
0.01682182456059664	0.003658462587063423	0.13959187462589615	0.030358873910332564	0.07151369543584181	0.015553020320252103	0.5934392414659972	0.12906300709402013
0.016870148486483744	0.003674383706762044	0.1397497509451233	0.030438037241238447	0.07157919482831318	0.015590225979991894	0.5929511917529181	0.12914706705916926
0.01691081530507741	0.0036941616250916525	0.13987299847439633	0.0305552070689032	0.07161210561430813	0.015643639155171793	0.5923191613553359	0.12939191140171552
0.01695749937544305	0.0037136792623780643	0.13995436695724447	0.03064989823918476	0.0716973694123014	0.01570166851010522	0.5917358288763717	0.12958968936697138
0.017010201055241356	0.0037334125122775235	0.140061606559176	0.030740833263496088	0.07179455766557938	0.01575752685295355	0.5911547462719731	0.12974711581930307
0.017084689805711813	0.003757639229555935	0.14031096817219643	0.030860261692579955	0.0718917861451638	0.015812016429563622	0.5904237204402762	0.1298589180849522
0.017113232954219074	0.003771374532995165	0.140403776406414	0.03094185815690371	0.07191143232045964	0.015847674440598567	0.5899900206814852	0.13002063050692456
0.017178782186594372	0.0037902223185778306	0.14060833267317774	0.03102296978255986	0.07201516800830833	0.015888989923524634	0.5894441521430361	0.13005138296422097
0.01723676664871287	0.0038082126817482074	0.14075478037473738	0.03109771980812799	0.0721203711023901	0.0159339461653046	0.5889322053228296	0.13011599789614914
0.01729891569775106	0.0038303875873406633	0.1409876994090501	0.031217999048018318	0.0721774623086569	0.015981791029178204	0.5882527285455184	0.13025301637448644
0.01735868075910239	0.0038520969250160834	0.14116207939429562	0.03132553789714144	0.0722583796264162	0.016034990551894664	0.5876105023925079	0.13039773245362568
0.017403119655824747	0.0038683485708731497	0.14125585676457905	0.03139821494359691	0.07233812670950317	0.016079248698533763	0.5871466879029108	0.1305103967541784
0.017458418718344443	0.0038908115942643358	0.14138293892632472	0.03150883174933242	0.07242177459572888	0.01614003449110659	0.5864908786868046	0.1307063112380941
0.01751574181480903	0.0039127474575175085	0.14154526954628108	0.03161903728636799	0.07249654109292997	0.01619461281396309	0.5858468661313554	0.1308691838567759
0.01757617944951754	0.003932155590653065	0.1416943692245273	0.031699966862000786	0.07260308463092156	0.01624281465435154	0.5853062840010885	0.13094514558693973
0.017629974722297524	0.003951517915619624	0.1418763168497667	0.03179963764354843	0.0726609462198801	0.01628595816366053	0.5847352359193926	0.13106041256583453
0.01767042608023986	0.003968426934162211	0.1420128927330928	0.03189327670771393	0.07269457456449616	0.01632575843724612	0.5842285167899854	0.13120612775306356
0.017740766308286953	0.003994626066619747	0.14229277320103084	0.03203956419035516	0.07274208025414047	0.016379078833116845	0.5834399793056662	0.13137113184078383
0.01777567915063788	0.004016386547169519	0.14241704255525983	0.03217890517483202	0.07273737630711762	0.016434894959601626	0.5827649075516188	0.1316748077537627
0.01782849561239174	0.004042443839488807	0.1425039345460387	0.03231142799890277	0.07281582191959284	0.016510303344471785	0.5820200058569956	0.13196756688211772
0.01788825300893729	0.004062636674423852	0.14264337513934264	0.03239602027739438	0.07291953987205473	0.01656090154909553	0.5814703803530167	0.13205889312573482
0.017949978637453106	0.004084682378864349	0.14281372075244103	0.03249857286182931	0.07300647250745321	0.016613292852171935	0.5808545062023296	0.13217877380745746
0.017985451840125413	0.004101241326654806	0.14292894893260186	0.03259223717860365	0.07303041203048624	0.016653200964005913	0.5803668500751693	0.13234165765235284
0.018035262610350697	0.0041243606355366065	0.14309877919327207	0.03272427935478782	0.07305988999052737	0.016707565663093314	0.5796855466711679	0.13256431588126424
0.018090454819103884	0.004143755372309318	0.14329354318482004	0.03282246882827392	0.07311415598517286	0.01674734989722215	0.5791333923246272	0.13265487958847053
0.018152414471044858	0.004166541430725467	0.14352109204278166	0.03294253649469434	0.07316551723937999	0.016793752663845387	0.5784792403688629	0.13277890528866537
0.018210982060205133	0.004190955421373867	0.1436161909158926	0.033050883907643824	0.07326976549227153	0.01686182106475418	0.577823018797824	0.13297638234003487
0.018252900709625416	0.004207688262889546	0.1437103966975761	0.03312835362769035	0.07333245413368897	0.016904716212283663	0.5773677423666606	0.13309574798958546
0.018313542821765238	0.004227864433063238	0.1438796310615898	0.03321605113373262	0.07342062777852346	0.016949885877301448	0.5768262831443791	0.13316611374964502
0.018383947241195565	0.0042492050912081416	0.14412639620363268	0.033312901113728935	0.07350250325899765	0.016989126816291063	0.5762446316711776	0.1331912886037683
0.018440227066687215	0.004270285128895071	0.1442228237320945	0.03339831864342979	0.0736082667480632	0.01704579264242568	0.5756974706460635	0.1333168153923411
0.01848804219984134	0.004290521011819158	0.14436779170835273	0.03350344168729423	0.07365280475065104	0.01709261061535191	0.575133519279246	0.13347126874744375
0.018542759512387673	0.00431525550882007	0.14457654665294206	0.03364573320241236	0.07367293732538838	0.01714510445071296	0.5744225315098075	0.13367913183752891
0.01861932179105493	0.0043389092604625154	0.14482798892866197	0.033749645093873785	0.07376781627101343	0.017190307183807634	0.5737934280357366	0.13371258343538905
0.018678888506105436	0.0043604378553343155	0.14505205023670872	0.033861246649620605	0.07381254936538445	0.017230952170754304	0.5731958630808078	0.13380801213528434
0.01872250000857603	0.004383025412025054	0.14506323961402673	0.033959987463624865	0.07390410445601087	0.01730129885086249	0.5726141705569026	0.13405167363797146
0.01879269145992012	0.0044161396252539375	0.14522361034319994	0.03412644439604761	0.07398374430804544	0.01738561746518472	0.571721537494353	0.13435021490799534
0.018840044698635792	0.0044361939681566665	0.1453574102579139	0.03422675884944819	0.07403192034054772	0.01743201588526876	0.5711816712357061	0.1344939847643229
0.01888784581234801	0.0044577090479231375	0.1455795243521638	0.03435813535033904	0.07402610113094686	0.017470855282933576	0.5705618681640823	0.1346579608592633
0.018945212449698663	0.004480752016130459	0.1456515944343668	0.03444821097399652	0.07413986695528024	0.017534897495477805	0.569990432245596	0.1348090334294535
0.01901318210616136	0.004508996708421125	0.1458828607580933	0.03459627827159661	0.07418808888109456	0.017593785548422607	0.5692245821725218	0.13499222555368853
0.019063558256141717	0.004531392999856268	0.14606879814843257	0.03472043993749083	0.07420959715535458	0.017639563640412734	0.5686087834137549	0.13515786644855649
0.019123379075594825	0.0045572620096466085	0.14632076781185333	0.03486946913175387	0.07422019058930399	0.01768729540863557	0.5678889296310861	0.1353327063421257
0.019172110711012488	0.004577435818954424	0.14644114782426748	0.034963544991139975	0.07428006835284055	0.017734732009312446	0.5673688533316716	0.13546210696080105
0.019233528316570964	0.004604965247692999	0.14667818329266416	0.03511825420380716	0.07429887017894655	0.01778892096579716	0.5666159177438084	0.13566136005071266
0.019297336321642166	0.0046334451815888055	0.14681087319854108	0.03525046782045917	0.0743826359285566	0.017859867304614415	0.5658905223739856	0.1358748518706123
0.019373869728834703	0.004662974918303137	0.1469590626599404	0.03537065298734507	0.07450698820277006	0.01793261862965574	0.5651672743312552	0.13602655854189558
0.019429279600856632	0.0046898904743981375	0.1471722935969659	0.035524834271534425	0.07451534562466858	0.01798670958578464	0.5644364870465706	0.13624515979922108
0.019492527863441862	0.004716894939750049	0.14729159457165314	0.03564232314915726	0.0746091111954455	0.01805426887279592	0.5637696164673088	0.13642366294044755
0.019564178932254282	0.004745823685902668	0.14743323867324132	0.03576394177377255	0.07471775696636883	0.018124824046866026	0.5630637980820484	0.13658643783954585
0.0196378050272267	0.0047768633931674674	0.1476464438973417	0.035914751776317456	0.07478567585489078	0.018191491199205892	0.5622746065115234	0.13677236234032666
0.019688102898617815	0.004804560554999543	0.1477370629565713	0.03605282179028322	0.07483783347348771	0.018262953245413317	0.5615737469648361	0.13704291811579086
0.019763825169456375	0.004832244517550413	0.14782692554205484	0.036143602990421346	0.074996435285375	0.01833658768666116	0.560948721201201	0.13715165760727982
0.01979736898587402	0.0048542556688546705	0.1479432975124098	0.036275254107305456	0.07498576060684185	0.01838628424660194	0.5603593436364177	0.1373984352356947
0.01986642149891928	0.004886403395870197	0.14810022882384685	0.03642716737351847	0.07506095097442717	0.018462212017329834	0.5595644900443167	0.1376321258717714
0.01992806655250934	0.004910008835967665	0.14824375767392414	0.03652527745921055	0.07514536155266288	0.018514811170133292	0.5590020857758349	0.13773063097975716
0.020016038823809066	0.004940785214208015	0.1484991948895671	0.03665573557738251	0.07524773578493572	0.01857424956263605	0.5582637143985795	0.13780254574888207
0.020096690033963513	0.004975121554510618	0.1486431124847165	0.03679797775665898	0.07536867032768776	0.01865821165815793	0.5574566618885409	0.13800355429576375
