0.013207252252996966	0.002601595677208285	0.13412365116702915	0.0264199929253532	0.061683961936963856	0.012150652206394441	0.6264193365093248	0.12339355732472929
0.014735467633052947	0.002903072263786178	0.13261920869747643	0.02612765037407557	0.06880584428525155	0.01355561581790939	0.6192525985672634	0.12200054236118447
0.014739925080123593	0.0029046085569360823	0.13263442973173437	0.02613657107814167	0.06881238297672293	0.01355997641310103	0.6191952214809239	0.12201688468231647
0.014744620097439431	0.0029062988134620892	0.1326470097598509	0.026145932857320406	0.06882088322891752	0.013565222430135755	0.6191332370057545	0.12203679580711944
0.014748425505451915	0.002907732160693213	0.13266225202833382	0.026155083238558544	0.06882461008379764	0.013569145541254617	0.6190781358534442	0.12205461558846609
0.014752666032296751	0.0029091054368171956	0.132683477625041	0.026164099783036104	0.06882741698393562	0.0135722053567615	0.6190244543857301	0.1220665743963818
0.014758371421095108	0.0029107124859414353	0.1327055747886771	0.026172791188824516	0.06883599049547219	0.01357614409479671	0.6189652925926779	0.12207512293251509
0.014762991947300564	0.002912114643674137	0.13272095640445056	0.02618023785744252	0.06884387871424891	0.013579988937658988	0.6189142050719489	0.12208562642327545
0.014768009765924728	0.002913683489626244	0.13273786014881328	0.026188776801617783	0.06885211024030878	0.013584312308351993	0.6188566993716709	0.12209854787368639
0.014772667127402854	0.002915034751845814	0.13275634791124102	0.02619631000630533	0.0688586566787599	0.013587619314298725	0.6188065908416145	0.12210677336853186
0.014776909211255417	0.002916625936349799	0.13276472020395455	0.026204737461886327	0.06886771253960357	0.013592920799506303	0.6187493240766856	0.12212704977075839
0.01478106427767804	0.0029180900574812445	0.13278045397946106	0.026213628146550372	0.06887275617246842	0.013596917058382592	0.618694003327456	0.12214308698052212
0.014786363375359525	0.002919690270473551	0.13279634074448826	0.02622174054455401	0.06888281616714297	0.01360148422303571	0.6186366245006101	0.12215494017433581
0.014790731978978575	0.002921631393297295	0.13280344845662717	0.026232827739727342	0.06889156404930524	0.013608234977543106	0.618565550935645	0.12218601046887621
0.014797027138462752	0.002923356380147539	0.13282834585746545	0.0262420679973968	0.06890092184020417	0.013612325474219094	0.6185023106634397	0.12219364464866435
0.014801669570425809	0.002924965971936638	0.13284539260800043	0.026251650265408964	0.06890697003621163	0.013616743815703122	0.6184419564518709	0.1222106512804424
0.014805828421541928	0.0029263677405035483	0.13286159187089125	0.026260055522272077	0.06891204914282074	0.01362044674583255	0.6183892104867945	0.12222445006934331
0.014809783429237661	0.002927728818853056	0.13286981406417897	0.026266878624528815	0.06892081727949516	0.01362487601065956	0.6183409920093049	0.1222391097637419
0.014816662628447927	0.0029298678823184896	0.13289304893529708	0.026278459975955612	0.06893207592220017	0.013630726457807572	0.6182629630205831	0.12225619517738998
0.014821305053778438	0.002931563269654361	0.13290604236784184	0.026288000328376224	0.06894000486890484	0.013635910289286688	0.6182008382325318	0.12227633558962578
0.014825463083241296	0.0029331199568508747	0.13292235062698987	0.026297809191287304	0.06894427583453179	0.013640169634194317	0.6181415821378821	0.12229522953502248
0.014831189251752986	0.002935060628493318	0.13294146949109045	0.02630883244586915	0.06895300550009287	0.013645652295596255	0.6180700496371938	0.12231474074991122
0.0148355145506014	0.002936746994998928	0.13295740620067698	0.026319428408828706	0.06895770932219693	0.013650442992269658	0.6180060784374938	0.12233667309293358
0.014839477120798895	0.002938105189189341	0.13297155127726265	0.026327370003805674	0.06896315518703931	0.013654187574703543	0.6179555823663367	0.12235057128086388
0.014844848454800696	0.0029401087030980085	0.13299105059046595	0.026339652200944363	0.06896958364594824	0.013659827767451666	0.6178801633300216	0.12237476530726947
0.014848959789924746	0.002941696207795014	0.1330139880660043	0.02635112154744674	0.06896970531926447	0.013663443329416413	0.6178167151127406	0.1223943706274076
0.01485297830805357	0.002943185663844671	0.13303160934119268	0.026360822545528434	0.06897283585385171	0.013667283252524354	0.6177594260330026	0.12241185900200194
0.014856724796914246	0.0029445145570493165	0.13303731948140707	0.026367206042962204	0.06898210971907727	0.013671844166217846	0.6177131968618325	0.12242708437453965
0.014862393870945009	0.002946266221362411	0.13305623487588164	0.026376577942995083	0.06899153504778253	0.013676627805470612	0.6176497522186638	0.12244061201689878
0.014865807250147705	0.002947741862340988	0.13307335232690815	0.02638712347169584	0.0689919787825397	0.013680423847888437	0.6175913454123558	0.12246222704612333
0.014870553410301282	0.00294964075560802	0.13309769479457026	0.02640052284614926	0.06899300739419137	0.013685071486371082	0.6175163753320977	0.12248713398071115
0.014875866804306187	0.002951541754141428	0.1331152549147559	0.026411585836487107	0.06900070712728537	0.01369052780793337	0.6174461521723338	0.12250836358275681
0.01488055326952982	0.0029532130188611653	0.13313343001934877	0.02642182529488743	0.06900599808010247	0.013695015784591612	0.6173833089341121	0.12252665559856668
0.014884306032451845	0.0029549588614676305	0.13314992795022915	0.026434054677623022	0.06900721461297761	0.013699898395076657	0.6173150184987433	0.12255462097143079
0.014888711172983732	0.002956483625823675	0.1331595114992799	0.02644177261525887	0.06901665152657402	0.013704785980249696	0.6172611917726443	0.12257089180718587
0.014894462186626205	0.0029581988998863377	0.13317858960645806	0.026450686995330656	0.06902654059611488	0.013709406482480003	0.6171996817889672	0.12258243344413682
0.014899231679676987	0.002959768372763434	0.13319551995377646	0.02645961186647681	0.06903341932955163	0.013713655548696886	0.6171420365473541	0.12259675670170359
0.014904758190306663	0.0029614964656843636	0.13320978288880278	0.02646807792402394	0.06904484583317559	0.0137188449686928	0.6170813914317483	0.12261080229756562
0.01490992181484678	0.0029630229271620234	0.13323217864341	0.026477000004324087	0.06905079185520938	0.013722344217925099	0.6170245256927736	0.1226202148443491
0.014914542852275853	0.002964734805814249	0.13324976679365072	0.026487584996243208	0.0690558764639158	0.013727028882238888	0.616960206268999	0.12264025893686238
0.014920121528784015	0.0029664058418205786	0.1332661459131969	0.026495861510991304	0.06906661974109866	0.013731766452407255	0.6169012904078325	0.12265178860386881
0.014925521425153708	0.002968344863363957	0.1332908834663625	0.026508508346236644	0.06907047023289957	0.013736536881079122	0.6168269594430908	0.12267277534181364
0.014931192985206048	0.0029700426785030155	0.13331349151803606	0.02651809268161789	0.06907801249909795	0.013740673332115157	0.6167645842167916	0.12268391008863246
0.014935420385156079	0.0029713827408398663	0.13333083862537806	0.026525999436005414	0.06908300028509085	0.013743974353515296	0.6167147710099182	0.1226946131640962
0.014939180172239337	0.002973048481245426	0.13334462153614846	0.026536933082644994	0.06908614342054949	0.013748843738644052	0.6166513517872882	0.12271987778124004
0.014943260126748879	0.002974609959636067	0.13335503382626954	0.02654569407362174	0.06909328214709236	0.013753730007736992	0.6165948327032241	0.12273955715567038
0.014947637944736875	0.0029761140248408605	0.13336335872143185	0.026552995447049078	0.0691033574653362	0.013758660202804276	0.6165426192805202	0.12275525691328057
0.014953191600983457	0.0029777438503439833	0.13338391661676793	0.026561763404024948	0.06911177422543886	0.013762758224312952	0.6164837164205494	0.12276513565757839
0.014955889884384437	0.002978907366704747	0.13339203088866383	0.026568964237215813	0.06911518163760108	0.013766330544219607	0.6164403800207544	0.12278231542045613
0.01496081523334442	0.002980297710559666	0.13341162207353585	0.02657651642817108	0.06912212847486093	0.013769605334306887	0.6163898916720373	0.12278912307318393
0.0149657948055955	0.002981661826087174	0.13342832237819258	0.02658316116997432	0.06913110299830642	0.013773112185681124	0.6163419462205454	0.12279489841561739
0.014970853823856389	0.0029834441023890517	0.13345123510182944	0.026594628803778435	0.06913499006856948	0.013777462582669719	0.6162741231699977	0.12281326234690984
0.014976171788447927	0.0029850838340384996	0.13346999274638688	0.026603535489877414	0.06914318659676365	0.013781773570674088	0.6162149275458148	0.12282532842799682
0.01497998743914245	0.0029863123539463987	0.13348355615225635	0.026610409014401735	0.06914876213072306	0.013785045111019169	0.616170254496808	0.12283567330170285
0.014985176873632843	0.002988062528743909	0.13349770699494432	0.02661960544801508	0.0691584046828262	0.013790270166518388	0.616108072827004	0.12285270047831524
0.014989955845824443	0.002989670183779604	0.13351571921152502	0.0266290287241758	0.06916447800354977	0.013794502117996077	0.6160488476092474	0.12286779830390186
0.014994941185836474	0.0029910997773556587	0.13353209636852273	0.026636171410594454	0.06917333569555996	0.013798276794401158	0.6159984499943484	0.12287562877338119
0.01499946422617428	0.0029925233403929486	0.13354903146052235	0.02664419126618488	0.0691795998021292	0.013801930786678336	0.6159465705634303	0.1228866885544876
0.015003248458348026	0.0029938434868858194	0.1335637526112662	0.026652159493951128	0.06918392148633619	0.013805399098342577	0.6158975637663815	0.12290011159848858
0.015009381016107258	0.0029958263351240796	0.13359240972870073	0.02666463452479711	0.06918893287812312	0.013809898422391564	0.6158226151915647	0.12291630190319155
0.015012537107414542	0.002997461982861598	0.13360412228472046	0.02667592255970193	0.06919035373327155	0.013814817136658204	0.6157597756436183	0.12294500955175346
0.015017562971993472	0.002999450703970361	0.1336187091133244	0.026687601168112238	0.06919779730012102	0.013820843116297925	0.6156871368524253	0.1229708987737553
0.015022845371843827	0.0030010286384466074	0.13363505784984703	0.02669551777850975	0.06920743541050098	0.013825176956798172	0.6156316866614149	0.12298125133263871
0.015027431238446982	0.00300261285882279	0.1336500080668484	0.026704446451006426	0.06921436866631703	0.013829639282665751	0.6155743309560531	0.12299716247983958
0.015030613110373778	0.0030038652832364253	0.13366245994121823	0.026712418192195764	0.06921728398967014	0.013833061555751536	0.6155272829239323	0.12301301500362188
0.01503516261495765	0.0030056630355309918	0.13368233077868008	0.026724289614624662	0.06922024674107101	0.01383774437750288	0.6154588519192928	0.1230357109183399
0.015039654242855832	0.003007129266869208	0.1336984298317352	0.02673256012334541	0.06922660452365395	0.013841631273401583	0.615405658796418	0.12304833194172095
0.015044778346523046	0.0030087580821441338	0.13371994546980462	0.02674223291359617	0.06923227458610763	0.013845545670954565	0.6153454553582289	0.12306100957264096
0.015049899220256652	0.0030105819878535316	0.1337323171743445	0.026751814041192708	0.06924219459294971	0.013851209286531593	0.6152811386729085	0.1230808450239629
0.015053624083402427	0.0030119494735118494	0.1337425340022435	0.02675938715105414	0.06924852792826232	0.013855339158160944	0.6152321560402384	0.1230964821631264
0.01505827531027744	0.0030133777993644256	0.1337565951131555	0.026766621404342807	0.0692569983687214	0.013859322999127593	0.615182024413848	0.123106784591163
0.015064482957514901	0.00301499670942253	0.1337795761976502	0.02677456525798965	0.06926725069288088	0.013863106586449517	0.6151252232289453	0.12311079836914698
0.01506930721680957	0.003016524114121079	0.1337880881547329	0.026781257312925896	0.06927925455925506	0.013868092207530875	0.6150739966286352	0.12312347980598949
0.015073552664026513	0.0030180678640717184	0.13380545649929262	0.026790893779256374	0.06928328789989226	0.013872089041551653	0.6150163914139023	0.1231402608380065
0.01507854821241846	0.0030199379165106953	0.13382667213471414	0.02680286163672031	0.06928734036411464	0.013876897387736698	0.6149460844219755	0.12316165792580959
0.015084984032797708	0.003021656688583741	0.13385183076590498	0.026811714141268757	0.06929700606112635	0.013880807656685071	0.6148850477873199	0.12316695286631357
0.015089821991841314	0.0030230727168258573	0.13387420718954612	0.026820161527433935	0.06930172733756308	0.013883806002242123	0.6148325546317629	0.12317464860278467
0.015093405593556503	0.00302457493681032	0.1338777991209616	0.02682783771407111	0.0693104657514425	0.013889158167190422	0.6147805777387468	0.12319618097722071
0.015098645694239372	0.0030266764920808885	0.13389507767360392	0.026840624795551077	0.06931687033739807	0.013895268900499285	0.6147033267664611	0.1232235093401662
0.015102978199615993	0.0030281667997027633	0.13390843576692557	0.0268488157785889	0.06932384037176557	0.013899520284483493	0.614650097672471	0.12323814512644678
0.015107293847932737	0.0030297131541217647	0.13393028469179444	0.026859234310950227	0.06932565293340436	0.013903009018332982	0.6145908411707965	0.12325397087266692
0.015111511483404857	0.003031171179495856	0.13393988826482572	0.026866586412556404	0.0693343261388947	0.013907557253474073	0.6145402401446688	0.1232687191226797
0.015116755603603538	0.0030331343148581997	0.13396044695801668	0.026878785313248225	0.06933952541877018	0.013912779927031356	0.6144674201613045	0.12329115230316728
0.015121582576702236	0.003034751074827434	0.1339826811554871	0.026888990195465996	0.06934331762979078	0.013916513476131213	0.6144068300476849	0.12330533384391042
0.015126278570842975	0.0030365227907304814	0.13400400509649074	0.026900616276431616	0.06934625328254047	0.01392090444176367	0.6143398480184288	0.12332557152277125
0.015130366613059583	0.0030378703815280594	0.13401911371476752	0.026908316667047696	0.06935166935523834	0.013924406964597864	0.6142910809316582	0.12333717537210295
0.015135971510138287	0.003039849075139659	0.13404909369308343	0.026921893531134614	0.06935323427148979	0.013928631202623503	0.6142148320344166	0.12335649468197411
0.015141472138172784	0.00304174778579642	0.134066085741811	0.02693233628370021	0.06936200697628842	0.013934030272170201	0.614147203762537	0.12337511703952404
0.015147786103473275	0.0030437467991942845	0.1340845769689831	0.026942518146403135	0.06937348420748651	0.013939681948444993	0.6140774776779029	0.12339072814811182
0.015152835260836276	0.0030456874426844785	0.1341091665401497	0.026955655324512055	0.06937551769016492	0.01394433051118705	0.6140034320683266	0.12341337516213896
0.015157867385959816	0.0030474753727097476	0.13412040869927788	0.026964785486077423	0.06938573231719772	0.013949938013704389	0.6139414298413182	0.12343236288375496
0.015163403760248507	0.003049368256866523	0.13413210192720063	0.026974034346816552	0.06939769414488735	0.013955911810507853	0.6138765894341767	0.12345089631929598
0.015169411311220645	0.003051381489074734	0.13415371847774246	0.026985501602869166	0.06940580178988992	0.013961225948129317	0.6138040694536121	0.12346888992746169
0.015174110165531295	0.0030532296245106426	0.1341651512295893	0.026995784915391105	0.06941397167225632	0.013966999867056453	0.6137385260329445	0.12349222649272042
0.01518024878301598	0.003055075541781423	0.1341790044007323	0.027003970779707853	0.06942789221975193	0.013972594156382443	0.6136767314452948	0.12350448267333336
0.015182794949112469	0.0030564012913727938	0.1341932924673583	0.02701403488392479	0.06942622753411236	0.01397597821755517	0.6136244405339295	0.12352683012263468
0.015188366153565435	0.003058443140399822	0.13421164393950938	0.0270258616113371	0.06943388157152303	0.01398172631977978	0.6135508781257382	0.12354919913814727
0.015193654941958094	0.003059911012030929	0.1342304205732125	0.027033201927421324	0.06944255773913925	0.013985314787081867	0.6134997646460283	0.12355517437312771
0.01520094639077663	0.0030619069174181663	0.1342584640553478	0.027043508295144045	0.06945341915668474	0.013989912146735183	0.6134295286395227	0.12356231439837063
0.015206842978966467	0.003063938476234917	0.13427512645420486	0.027054315410068686	0.06946366966241461	0.013995831381538301	0.6133582782958256	0.12358199734074655
